72274	54732
2732	88109
97426	89384
53321	48084
30597	95273
37718	28632
3871	96759
56986	12397
37445	88775
5119	6398
35402	79980
6868	32545
64843	33461
29748	82714
98661	78958
10356	41808
74409	76492
91160	71960
13317	77311
22762	31455
86245	85998
31752	23128
49453	94
21203	89846
35691	99025
32753	96490
51267	51678
31977	6809
14887	1577
84028	88050
4550	68563
29937	10786
11618	25498
81589	26425
34311	7848
5554	52370
87300	5048
93261	91019
5611	60204
25286	64338
55220	53589
3632	78172
25004	91483
22465	72544
38008	52886
7623	62955
80198	10492
58826	2558
47447	46001
13133	75066
73210	60236
64719	99942
10970	65909
66848	91396
8234	65363
30910	5034
77664	18270
83941	81776
10590	64643
79330	79661
65684	82292
15058	63980
54673	70441
2461	1782
53312	53607
45790	10090
81448	11807
76077	73583
52685	2583
45962	57157
8336	39305
13178	13020
81820	5596
61354	57889
74143	77686
7639	10713
84802	62686
37716	17336
71995	13387
63509	67819
30217	56684
3694	2296
74726	64827
95930	85506
42009	68276
78009	67594
15918	5450
27112	97519
73211	79921
47537	39418
92363	59696
72830	81651
37437	39363
70965	56855
18145	848
56052	88794
59247	83291
57856	77796
68785	19382
45306	4354
48916	36028
60789	11233
36544	94699
49961	57653
21664	62317
15023	84876
30604	46091
53925	7205
8936	57373
31552	26346
23472	95642
67313	35317
75033	53698
93901	72234
80256	59498
59320	32742
33258	94354
18441	12773
33543	61654
1776	91424
30358	71676
51946	48230
18121	98064
13150	92747
60891	83524
99846	54727
78089	33305
54448	35599
85262	44483
22835	97133
64024	53640
78364	19354
87336	23073
205	38578
90958	38115
48101	20354
38399	80502
915	35030
72322	49171
13240	41938
91503	83903
51703	55488
23142	45155
83988	81055
62360	95113
82926	63949
42598	39195
73946	38628
99080	42786
53121	50191
36227	1970
13777	52255
90647	34742
50146	87168
97161	88819
39887	79322
16623	48301
13322	98251
26497	23874
8349	47787
76958	20982
54284	84621
15476	55817
65550	31196
18189	15188
54120	5251
23601	36674
53316	70272
31778	47567
43769	23493
53223	17728
7044	63050
69037	18601
38825	49514
99850	40517
51730	72833
30988	86197
50092	8765
67272	74848
51016	11081
65306	87812
8625	46844
34043	43244
58204	64436
66835	72198
11866	27142
24253	40436
82663	52223
45831	39088
37684	4019
25762	18145
45055	72887
53358	88175
86059	18997
69719	53694
82949	79666
12122	31254
46760	33231
54938	51250
23679	23812
51397	72678
86988	90738
87400	63268
28526	51658
8727	92373
76668	10396
37355	33497
97973	57600
79056	98602
20412	49061
20079	36071
37959	13691
70861	65070
15918	4404
1825	10071
38722	33816
35172	97091
44296	46560
7620	73099
60840	95056
1484	20802
35417	4177
50360	46381
85955	92248
31124	85742
33524	7968
23562	55745
2895	38793
81689	57955
25283	79091
24891	86588
12310	20358
10534	92320
37723	85970
87171	19677
598	41330
61397	50221
74808	78531
58152	14900
35838	18360
20688	75426
86034	50413
5085	44312
46979	41977
33639	12849
47627	37039
53082	89855
47210	23968
28677	40298
19218	22045
64739	50890
39291	13101
94646	44210
17579	66043
59631	54711
44091	72530
15762	16778
16837	3111
5300	93290
3936	83672
15726	47169
30777	12337
88570	27152
99258	21606
79549	3283
28256	29665
360	37807
63611	54368
67862	38027
30628	48646
80952	63570
31567	58436
48053	80532
38052	19232
36960	86069
80001	46754
88680	24146
41895	80701
55786	10459
5313	22163
53125	68921
19577	11741
58216	26792
23925	52554
43225	58769
49555	84578
59948	79831
67447	27314
73639	89774
89003	40464
89834	87421
67877	84370
13881	95606
65824	98842
49951	10145
69742	71879
92020	2541
52077	13689
81947	52516
51486	90938
95413	22370
71848	61600
22416	99999
33600	61695
41879	2176
79091	5334
42156	4342
58653	56075
63547	53257
87691	20098
48514	28869
61254	59888
29464	94397
63115	93538
2767	46643
77231	94890
17904	13951
5599	22158
92261	79539
13481	9643
67723	84775
5366	31700
88936	11074
71530	81972
44478	55771
109	33619
60707	97698
1729	65848
79157	26270
74382	68847
53106	18002
89166	34565
35330	27754
11277	77635
41467	75626
86572	41196
44693	81509
84314	84745
43543	78970
97580	48442
15353	55754
45106	14427
53703	84716
62849	51974
74508	70206
44549	11569
17988	36908
59677	95303
72836	39473
43880	92168
13841	45247
76416	9553
2710	20173
2376	57554
6558	17790
29354	92180
67084	72574
49437	41357
30891	42477
52005	26611
95423	35871
8248	95930
81025	90969
52919	41703
61976	81672
52131	82551
81941	74471
25940	63083
92988	99266
32074	66079
29753	1010
54810	29505
44814	29280
26955	60075
57036	30192
50398	712
85247	73079
3122	6038
19550	25640
90950	54734
89875	68582
81563	42827
55374	25443
97572	88064
94839	35421
9574	41740
37772	22009
51401	38590
21451	63208
74823	66233
88049	16738
39408	45406
8177	29578
76240	79965
87899	11607
38458	41746
51876	83364
73517	16270
37976	43417
76729	27915
24355	36015
23642	19702
23887	61268
79731	5610
33209	18290
7178	75082
49609	56782
74717	83854
12189	69410
69283	98054
45894	17861
15371	74091
52692	35992
70329	59998
66619	92547
39820	5042
35794	45340
58365	34018
91300	68207
69257	24426
84254	2438
63807	13994
92208	56044
19505	49257
77463	75546
81558	86792
44325	37176
61444	37749
84571	45899
17323	52241
51377	66143
37936	89419
55018	91803
41894	64020
53105	73588
75800	33177
53978	76186
80732	30859
75268	65650
71514	83876
19803	39133
89806	80999
82430	29893
50997	22073
21259	55530
3905	80624
24892	65035
7026	58647
6183	42492
19048	74305
91849	38344
36976	51645
44817	86523
49409	61314
48534	14241
24511	9364
69262	18352
11870	2318
10924	6543
79493	54866
31742	52248
31028	54108
71174	24579
73553	24745
698	91483
58995	16251
16150	50393
18815	26849
61640	62831
47692	94065
596	34741
41913	11337
10628	89016
47839	41299
42967	63052
46062	312
3682	16858
76125	6524
85671	8103
79254	99990
62408	10839
45744	94083
37738	85819
21729	37646
23743	36751
74043	34416
14290	12286
81737	52136
25777	34783
45924	6846
96843	73510
7740	65640
74689	32337
43487	11983
66828	99511
70403	28997
69	56860
54964	27781
79457	90332
41045	34109
81166	93952
7561	41135
81872	43661
70052	27948
78579	53708
20633	98242
56488	25734
87394	73091
21873	98392
6660	35236
1696	48842
71820	41026
49172	70749
41087	63115
91284	44773
96721	1397
94379	60420
12890	24268
94736	24921
82625	94582
78731	53052
73008	95988
98031	33243
51170	95386
90476	75563
47421	74270
50456	97577
22963	54442
69710	55059
31426	3722
25002	80103
8218	40701
81403	59933
25644	99191
96038	19015
35645	63079
75171	30111
17614	92024
82379	34206
79398	96003
75018	93279
74731	93225
26642	53295
64208	17866
45959	63444
21822	79782
25392	94761
54305	9329
10336	8945
54538	62064
82464	29377
52997	87334
90701	29570
7441	20721
88324	87997
80106	34742
58539	64541
30834	69588
37854	69988
6135	49154
91260	43666
39058	30053
11309	30499
3371	80594
23025	94509
75523	1567
19291	65391
3200	28116
99270	63980
95932	47862
51005	3260
70342	78877
30959	37708
97392	5313
15582	45236
9181	18340
65817	44413
76018	11424
83471	53259
44538	99434
12317	95163
55175	44177
82338	14125
54765	16436
85929	1110
20257	49176
86756	30553
61021	40975
94843	56579
70078	31438
79010	12276
51701	14258
31616	81966
47388	86127
88843	64685
81972	95948
20683	59233
61452	76393
99763	81080
24358	31682
1272	57245
42332	68772
35052	36423
97302	34146
30873	83320
22743	42274
70229	91862
95317	93038
78519	89321
80293	51240
98403	58254
13260	57207
67232	12323
44924	41362
10991	61899
43717	47733
58396	24957
4	4868
59621	16848
99284	50680
1489	34686
11979	39543
43442	38542
17246	37785
33907	24888
28345	77672
99159	15160
29139	40306
38296	99705
52276	36726
3557	13781
280	81431
2900	30420
98247	56129
66006	20438
64009	8629
14170	21349
51478	76972
9740	97311
32008	72537
77081	16893
58672	10466
41701	17423
32635	8107
63494	98774
1089	34498
91856	60809
30282	67734
34086	40731
95256	60843
6914	75886
18316	95654
52064	95760
72186	50503
43033	18318
38852	36335
98154	2273
58	84993
43170	17354
77575	17074
71836	46571
17696	10392
19117	53618
68989	2026
40675	16076
76433	96852
5492	24591
10887	4787
23250	10549
72454	27788
4960	72897
63314	4465
96926	21403
82115	33116
54206	66709
92261	72497
78055	48946
44914	70528
25388	88770
12051	73499
36043	15889
31710	73582
81379	62777
6906	78145
66931	18853
26503	1156
27254	866
36760	77895
88021	35382
52372	93852
83380	84567
7403	26173
89019	31738
22455	28977
45973	50224
88690	21035
47372	46120
92398	78100
17416	69851
25661	77627
86659	7984
45027	61045
42125	43414
46347	22663
75062	31153
875	50302
12401	39518
95965	84195
33643	42973
3945	6653
49606	21831
21735	45075
85132	31925
14584	24231
42500	45472
38553	73273
87758	14687
3469	38477
17540	91253
8931	66323
72377	52679
97567	322
20296	224
37543	45409
29768	98164
56051	10257
55302	94285
13864	75284
84045	34650
95226	20727
41512	46766
86903	75788
53122	56013
31092	9565
20007	88097
8807	27071
80525	82745
2053	40802
35765	25743
28760	97524
39385	52154
49840	28223
88192	48849
71534	67018
3376	2447
35712	90244
91865	37955
95402	85946
80947	2986
23098	59920
22483	94168
96235	50312
56341	36644
60381	78480
16921	58565
75429	55829
15087	38929
7503	46864
44241	81589
8486	91375
97346	23909
25574	34198
68261	78883
43642	24638
39085	80741
20988	20374
37974	78559
53868	70506
35270	77787
51802	28036
2265	94743
74591	8778
14579	12319
46643	11260
33257	50459
99967	9803
91269	86423
20462	72390
23762	15939
1641	54768
35183	63809
3918	23110
6642	52562
4496	9987
60605	88876
72448	88286
22081	51666
46636	87725
15469	38834
66637	60023
41073	91286
49676	27428
33709	87372
92666	48908
46546	5726
11068	58195
15584	83025
70136	17477
52284	9448
67392	77016
41920	57314
25529	3183
69028	29539
66875	78263
87161	24935
53598	84856
70304	43779
46860	48701
56123	44296
18679	97951
21519	306
1135	42249
92290	78975
38850	6574
87739	77779
63256	9518
85214	87560
53028	75077
26913	39022
84218	30098
79626	38453
55882	90696
44922	68672
19160	92579
19700	88724
73055	96994
64361	65956
11780	10673
17280	94326
49518	5385
52924	77723
25955	98835
30082	57595
59111	11128
34053	84160
25747	73992
52396	61124
13877	35257
54470	36610
78987	56445
44616	83164
72507	5438
91631	97946
84131	85024
17265	6672
30705	11648
30118	54501
83803	81252
82726	96761
83418	65846
7868	2583
5041	89533
47570	49846
9863	83972
76794	8480
20621	97161
7540	55427
54958	32235
54061	2386
51494	44098
90284	20582
9520	23022
52313	51206
8822	17029
89111	64654
18816	48032
43360	58494
82285	35429
20140	29247
42889	41010
7467	41005
30784	48800
78244	57706
80569	91701
89991	44005
71918	44786
8124	37546
89580	6140
32506	67579
28268	26168
61926	24000
58983	45358
93801	18567
62724	69608
20749	47637
33593	62109
31098	82165
37004	76738
82579	9172
92558	2900
73135	3365
9320	97129
79643	78690
4131	28405
32375	87797
31919	75953
97069	7514
34102	34724
56855	38572
44960	53161
87123	33920
86411	30008
77396	83252
10354	83906
73486	21200
24593	94417
61292	49514
40309	70356
41616	62479
79985	6520
94190	2451
88529	46377
56590	23156
2757	48901
81769	56780
50298	1740
39776	31465
11887	62947
50733	59128
78853	44592
23422	22265
36877	68485
42035	76843
45063	97220
50976	62830
51179	69199
68089	87035
57257	53745
46575	27782
39362	75541
13362	8756
6944	14958
72322	4063
23161	10584
87832	84718
35618	22122
52367	1880
95691	85547
60303	49577
17979	12196
18216	36830
70453	73854
11651	18793
73595	97789
67239	11862
96422	76875
97289	64341
13128	35200
51289	32039
21622	96884
35757	20036
38489	76967
655	14024
79903	33865
79502	49036
93591	8365
17626	26360
63947	64263
27076	38971
34120	78133
61296	36802
60115	74771
99683	81072
42913	44253
10078	59112
81496	94243
77426	98338
16961	61586
37972	38183
57552	21161
15139	3666
25875	13755
38276	8581
1359	1043
6040	4334
2546	82901
16861	80897
80243	25129
90226	33606
36359	61351
32586	87158
76922	58744
99528	90631
29734	59428
61881	26421
69611	48395
33002	80389
33371	7379
59541	5639
45880	18350
73192	22948
54819	78563
22155	74289
52917	27002
84378	28711
78460	12733
13849	62908
74343	80068
85226	71019
57306	39192
98212	29101
61775	86099
74595	76537
24018	41008
89317	2932
52842	27034
30330	96817
39447	35906
2271	5398
38203	57595
28463	88766
20208	35372
65355	21730
83892	73094
489	766
99574	68492
60675	11958
22721	74790
78281	12327
83143	75625
55844	3075
41107	43592
31331	83925
85654	59873
32920	61180
831	9723
60291	82835
48603	94758
35983	50563
69370	17493
73638	32569
73425	28061
52189	31860
36647	49057
50177	77655
38350	64127
51408	28913
44803	13157
59819	49378
3799	79867
26905	31850
53836	41041
29306	72097
81450	56995
12292	37264
8760	73684
5135	99122
97450	32382
17083	5852
24909	24274
60673	38761
84504	100
96916	33211
89981	21514
95436	38672
88011	31354
14237	51015
14285	457
82747	17983
5796	47343
82768	28467
95669	61127
54634	20789
92553	49473
20574	34607
19320	40810
82925	97913
99480	10900
67939	34122
16422	36185
82158	32921
31690	30829
64320	863
89241	64531
62568	25472
96053	91304
27349	70705
64769	3941
57576	41101
44547	51161
17396	67175
89041	79112
1589	65987
18101	48032
30557	86443
74825	77472
27681	9124
47596	41664
65832	72936
85326	27462
50393	58428
99304	67367
56977	60397
82864	98908
75760	74475
2639	12192
34495	61804
93306	35503
34657	39256
57914	93574
94632	4860
51261	27271
95394	20852
15507	32045
61325	38951
50261	35106
22619	79489
72535	58513
21004	48563
51446	69006
10019	95630
44817	88305
99060	36291
22596	72985
44167	26687
43067	89540
17598	39423
72018	49876
75447	47125
50069	19323
52651	11422
84414	90905
87426	36152
56719	57755
36207	4824
48685	60602
92013	442
4332	18653
87818	58478
98210	42147
13899	57260
11676	33525
81208	84440
42092	44888
11125	49999
72216	78765
90740	92723
31800	70937
7228	71243
25321	85014
53832	45196
60281	82858
96706	77281
9349	20681
28512	32919
69539	21404
52740	9370
3430	11135
18527	23799
33543	37853
22143	23429
2093	24111
35542	57503
15779	93221
53856	28438
50910	13470
40614	33194
15256	15982
46106	20596
37080	39316
48740	9131
44037	44655
26125	47601
42889	83151
40186	18165
19863	17667
43228	91162
5324	85135
59267	76358
61619	85539
7230	72112
67502	38798
19734	49136
6126	65637
32220	64653
56433	93714
1646	93541
45453	49167
31242	2344
38170	80274
75557	50890
81118	54275
42172	588
9413	10070
70603	11618
54075	86146
30528	80445
34680	57617
34065	16385
84289	88035
59550	93964
45971	13788
90085	81636
60674	87422
95733	66416
8732	51227
76586	73219
9358	13246
11565	57018
84569	58824
20545	36844
46165	69761
27640	283
59491	95700
38751	23947
38202	97243
31912	88497
50035	11228
80607	2252
16727	21420
43891	71353
33265	55659
15450	16249
72236	96261
53881	84474
85975	89287
90337	87600
50996	95438
61807	63605
43049	10449
84284	11428
20725	14410
21396	14048
86440	68913
13090	7077
6849	10437
16318	35855
2546	5631
6550	16368
29418	89119
72713	64247
85379	30210
78462	4839
32282	50974
63473	36523
36119	61798
22208	39270
33681	34717
29159	74836
54447	29840
93648	12764
39918	28144
75662	13753
15675	85829
49608	10508
35837	90954
80923	74560
8225	95175
15259	84072
57908	91217
54847	80797
79421	2719
26552	38000
70827	50828
77933	25156
70953	19309
84231	15792
70959	29171
99330	7111
79971	94372
43984	20535
69342	48038
45414	39317
45000	84922
27973	6055
90792	9479
62015	9576
39590	66314
89695	75758
45137	79466
58556	18317
84119	73744
5872	83671
32538	69254
39054	47715
83132	6549
26712	8835
73430	57901
96618	30579
58409	82985
76928	49828
21122	11471
59655	28978
14622	87279
84586	72905
62328	44672
46358	45396
77071	83152
82189	61703
34031	69710
18155	15617
49972	22868
59146	74867
49618	24382
45369	15226
16872	38626
10911	2007
20413	97689
8420	87729
9585	85176
40430	15661
28188	91624
75327	60747
70803	8950
28122	54163
59024	98684
44120	5447
84772	21165
88741	23326
68069	51685
11318	92775
17978	80868
80001	41226
86912	43503
83082	59724
13795	88374
87730	32389
14522	5145
47010	94917
94245	42918
18313	54587
11121	72321
32403	98849
16313	42135
57301	80514
9983	30665
13555	63158
60111	46629
66044	21967
63627	90612
79256	26700
27040	63134
89920	88945
59718	48441
80914	12878
95891	78038
56574	71012
64283	7679
57939	30267
81337	29749
64699	24533
40490	22484
4575	91513
97445	17189
37736	80208
87179	95967
59449	49685
28730	2056
7767	59301
44023	99259
64964	87564
45521	18667
3005	35364
22658	38904
15372	76902
94021	53718
69266	19877
95254	36017
48473	52799
20997	16708
96439	41374
1626	99491
75538	44944
94102	3173
96542	96435
44264	33579
25940	72355
93041	95219
95222	86288
13100	1549
12675	83677
9277	56872
67804	75397
64722	50651
61324	70678
63381	49810
53362	88156
53517	90457
91867	47210
56361	45049
43253	14506
22099	78657
14383	71693
25350	28405
27261	52092
91057	58888
12732	3721
65414	81433
24979	65842
87188	32366
63204	88500
60572	75280
21381	44562
39246	1421
47772	45060
4419	47525
1229	72514
42064	56474
95765	62115
36042	80025
47903	14202
61685	69027
32358	49759
84206	33113
23254	94727
23550	23172
55036	41033
39299	54581
19621	84329
62854	26885
77924	69477
51150	98211
44533	441
62985	87565
34164	40685
34790	30884
80565	97575
27274	2940
67438	41452
91829	97861
91835	49319
60109	22857
44373	15423
93953	93473
63647	82593
2349	89475
74537	90359
88796	44695
42617	46090
72472	53833
72032	83894
31841	51754
42970	4506
88091	92192
52906	29471
1466	60499
86426	99134
53115	28954
43901	92669
69005	73477
60298	8810
19841	17281
76389	49519
19172	57987
87210	63900
68768	22481
11466	5925
91944	22212
17247	37518
24619	93819
45534	75527
96273	67818
7184	23750
10258	11988
53044	94079
25595	64774
6067	9244
69893	4480
52515	22835
88549	45792
29641	4090
97993	56822
50818	65927
95081	80328
66846	68412
30772	89060
71676	34292
13629	46804
22418	46086
35398	75699
3923	24055
3913	72863
17995	88435
51969	99356
33262	44292
87460	61805
63819	29654
69066	20814
39284	38406
84947	32040
95027	54819
28156	49308
30173	76835
32471	85028
70042	70739
28959	5438
72209	96061
43388	87603
15632	44582
23695	30705
1944	10344
4005	95739
55363	62946
37792	41036
81912	67070
95604	32960
73491	56245
17405	38424
3181	91854
91151	33339
40682	5765
88893	17780
51158	41238
72219	19080
8365	28460
17199	7589
89504	3207
97423	190
72683	96597
45023	36803
53055	60103
36613	59567
50404	13181
1550	38010
81212	59139
39458	35671
54595	48859
77091	28593
11389	89454
78441	79019
33600	96703
22755	27040
20016	10775
67659	36748
31340	36426
92084	19296
59242	97849
582	98646
63919	94930
65683	89952
61361	69960
26193	60315
30126	92857
70498	84465
7300	19640
63217	18859
14419	72886
65246	30558
7796	97751
40453	66495
36354	63027
22791	24370
28366	94587
32383	84295
31579	19416
60632	90709
57401	43060
88411	45880
41447	18393
2241	2061
89368	73061
40816	51041
41657	7362
42481	17609
56061	15189
45363	38714
30668	63790
7160	31108
69212	55188
38567	72278
50461	89637
33539	60976
68337	36100
44548	99393
77882	38934
26332	45560
65542	52009
59803	59613
22358	377
4521	4581
57496	72012
10185	73595
58973	3761
5722	57267
57117	59413
82630	52707
4532	4022
89392	98170
9931	83261
84074	72748
53812	89853
4598	1664
8654	60869
93911	96784
13995	3274
4799	58286
88939	60895
92110	69262
93533	72246
20357	73039
69700	33376
90139	80536
61881	26221
62857	16294
86826	75075
99230	295
32364	88284
90385	38814
88529	60901
49913	66872
99297	39211
26600	75500
31443	68652
94838	70390
80383	62398
66706	66577
91782	67210
42726	25718
3292	57090
17542	8341
57230	48715
2860	87776
70123	93101
85723	96371
68380	56612
30250	76516
35553	47916
81064	81974
52553	79513
95288	29367
45872	48956
75104	46291
42945	53848
636	48238
96355	60538
971	3565
69984	97012
44794	99479
15149	72582
11639	76798
28230	66869
6601	99840
62336	15810
76270	4650
59170	62604
61664	60967
27306	6785
54096	86432
9561	29306
85028	93640
86727	42001
92946	74653
93770	31123
88537	30881
59589	18160
89467	94891
42102	14332
2053	23000
9449	53785
68722	53759
29139	3413
23732	89587
52311	56672
86038	4231
49586	39903
57754	64321
47698	73994
86771	20334
91596	83485
10510	33608
15587	21424
55304	47754
67465	23602
96603	83853
85642	1917
72968	35102
87281	74071
38257	42163
50985	79005
46736	41408
33206	77947
94657	86863
46790	46441
59979	48213
52400	21121
20423	66837
66560	72067
67529	51676
49656	13185
99394	92971
66543	73673
9154	57866
17526	3856
23408	3823
53158	50548
50755	69365
57777	81108
47622	63575
87452	73536
38497	57071
55953	16273
68147	76903
65604	99729
95310	26033
89837	53668
66296	21574
92633	26046
9385	61690
38116	49285
57371	37586
64140	31039
81360	44371
27345	18051
21220	87181
9983	99621
21224	8281
65110	55584
58896	19383
54206	88069
87929	24919
3504	91546
38312	11882
4432	98159
31363	23715
58386	18590
43748	76967
65363	36537
3358	34918
72366	74873
43423	43132
34536	17830
81941	37567
81384	75688
23767	66853
6774	3404
74230	54130
59058	64732
69670	49589
92921	45913
98590	51203
63049	30504
79633	82409
9679	85230
82054	44300
7492	4034
64748	45889
82724	69543
26752	27382
3587	70026
7957	57446
74524	22006
58456	60903
91800	77865
35613	58445
16303	23837
28720	93834
96247	40969
99249	15754
94657	91505
23739	29065
82869	47518
88727	39726
19239	45813
61682	48734
43296	48093
68132	92929
44382	17992
65516	80103
93139	21962
50370	64632
52313	26647
14372	17829
58892	65505
44515	45060
77526	59135
15500	24974
63857	2099
81587	70747
42749	6561
56389	68270
33305	57409
52524	80304
12405	78207
89695	44314
9771	6940
6060	82725
50929	75768
55354	85176
3049	55453
62075	31426
3563	70262
47655	27289
48547	70276
15600	69827
82977	66735
60572	72626
66640	15247
3191	85057
15104	80422
52381	28545
90447	48790
48737	91078
26182	20496
17555	99437
17450	42028
25365	1639
26905	59561
56232	45674
75232	43647
28633	56263
8609	61172
53961	48557
18148	27075
67642	67151
84914	25933
73829	81095
71976	82594
73141	38737
70177	86951
3637	83436
73860	81593
11045	13456
63246	97404
63991	6929
61100	72126
68270	72077
96657	86272
55747	86452
46407	79739
50219	10483
84486	41062
32440	1627
12114	84897
26231	32418
46637	25717
26402	54272
41318	8152
33851	65743
9858	70501
62241	53258
81034	76222
56863	43534
39180	2223
27206	59193
75107	66313
57947	34225
276	73593
43818	62074
46120	90044
10533	79835
88801	24125
87108	51473
27156	37335
85515	90749
62420	41622
88876	80516
32172	12842
80493	21292
52569	12780
21205	12693
62728	45927
26632	6528
88116	35932
90972	52115
4766	96049
38806	96371
88422	52228
14214	53053
61781	51261
49883	41899
59114	58774
43721	97806
9462	44494
99086	35754
51521	36514
29703	11346
30251	95092
433	19371
69999	51234
37151	78487
79298	78043
87238	67929
63604	13093
36310	93608
9314	16778
30905	55797
47353	73937
21706	29545
5301	44713
4125	72744
92301	72263
18310	5990
76726	69269
83961	85188
59689	33208
9712	62100
76582	79381
61855	49610
64793	190
85467	21860
13087	33223
26301	857
69735	22035
30562	86064
39662	886
5577	72406
18630	57570
60216	93397
4294	83671
30232	18547
40321	9660
64114	53759
61647	36140
69222	55397
93319	57941
30768	48802
74649	37509
8281	84583
31804	41029
24991	61081
40016	57524
34395	6716
83371	65030
43648	69973
19683	94340
49937	35514
71157	42156
12670	65496
97652	57115
16363	47301
49968	43818
72167	78591
36904	24753
58652	74638
73663	82567
33802	14651
17519	68433
63	355
59911	10420
62727	84714
609	39139
58202	15638
72059	92629
92980	11082
52527	71558
58812	69772
14072	10804
68877	51592
39793	48697
83698	6842
88102	5389
65761	2498
99503	86699
84986	81024
31135	56837
54327	74877
24690	49583
22878	92300
72518	77123
82625	57268
62326	24980
47316	70035
54785	26024
74113	4525
40619	48241
15432	53994
32280	5245
24480	82492
2522	22102
95473	88588
40856	67307
76559	20278
17535	9253
95019	6372
66878	29906
87663	50118
29573	94495
39532	11553
14465	33066
11853	44753
84712	2552
64731	83275
84214	49803
1585	1416
92951	51919
33067	55622
68961	64313
95905	44944
54923	72665
58726	75202
96654	77258
89139	99557
53755	30165
92592	58393
21455	14182
31611	90880
54573	54098
85134	40143
75996	68109
93683	80136
94742	21803
96562	16894
30959	9590
16533	9690
61722	53654
76259	84864
8803	58973
24310	34709
67386	99977
33309	17762
97705	26373
87504	59519
68381	56475
77025	17857
16927	32806
90988	60620
55027	67547
34934	60785
97956	63925
89101	33157
52845	71853
24603	14734
64841	63561
33144	91277
17828	67241
20347	6019
99026	84227
16529	72600
52487	15158
60576	42544
58675	37703
19399	59953
64723	35774
96186	52039
31508	79558
34140	36519
98999	50351
5593	80868
51992	14470
50106	17890
63374	36404
63086	3863
52721	42585
23406	22284
11164	36176
83875	96426
63764	1294
19845	43068
18820	40669
28938	72983
82690	26267
2170	66912
9141	88523
77791	77935
65845	92400
24090	28957
45357	30380
6762	89232
82111	69963
94364	98803
68099	90093
19072	38302
8853	4671
91598	13018
78781	77061
47276	14474
39442	53468
88664	58115
10468	4979
95208	70259
44751	96691
36850	62914
34611	1140
4991	29261
58276	5650
42364	44378
77258	23457
9603	12282
2663	90840
10598	6720
55786	89225
95046	64277
44048	80697
30586	11073
29589	10562
10956	63015
92349	36802
19730	35395
21964	74763
36799	11894
55799	75740
95165	6547
10995	75071
2792	69950
44531	83399
20724	629
1807	2733
2437	35162
80577	19083
91021	33466
48336	22668
15207	43977
12019	21464
6537	76337
15394	69790
93323	29150
47209	28180
39532	67515
97258	55343
58302	65970
38945	49932
65030	99208
35784	91234
53270	48396
4993	80682
77495	65109
77187	3247
60028	52614
93080	6671
74382	86383
21101	4161
18099	34020
49635	40487
60172	21032
8392	13541
55988	51841
26586	63209
73983	45537
76885	49610
53363	73280
68631	30354
76364	43035
64942	94602
77335	67713
16443	52978
89340	59592
35077	76624
76422	68275
881	18556
82939	13291
92840	3021
8040	93979
66254	68178
97337	16639
48740	15640
14843	84469
84380	5526
42282	27586
31926	7064
34194	23224
60101	87144
52109	427
68474	65845
52843	60950
48543	25753
32366	36950
39213	45043
56186	11042
56816	942
53010	48154
22896	3341
3585	33837
54851	86310
13862	57388
85418	20337
74731	75398
9481	3661
95696	19146
97493	74821
62797	48219
10261	37363
73729	32869
26615	51257
62312	43970
7355	50298
15998	65080
32996	11335
21510	18174
51260	9408
59704	51535
44537	99250
56785	57011
597	66212
20459	36393
95474	96025
37543	27155
60743	5750
17613	92860
2648	81723
90940	76817
760	27712
93339	81702
23216	75059
60126	17799
62926	11863
65232	17181
53071	76672
40537	55677
75785	81772
19861	56711
50935	26484
66570	4242
41831	68893
18336	95683
23756	18860
17458	63335
15625	78196
12313	56158
44377	1494
18352	23944
5405	44675
32306	4338
99547	55595
73342	72912
71747	98057
96915	50644
20985	76488
88892	74793
57432	30359
58373	29120
35227	57797
57382	92863
57297	60766
38520	17592
96790	93082
90991	12624
48505	62452
18531	31713
55950	25641
53923	29853
80437	49129
74376	43209
5999	96868
80978	89736
37907	79250
37464	65514
26120	39577
23889	71740
3188	75601
7327	3756
91729	67597
34880	4187
35705	61921
96272	44764
18527	52812
7885	3602
2668	13433
31743	65827
77050	5121
448	61898
4400	6232
74188	89405
18446	92218
70196	6434
71918	3479
12419	99454
21410	33794
6912	12009
18930	13405
60539	81700
73125	67149
69510	17932
50968	86810
23547	671
70760	41086
66291	65348
4310	89157
12593	7580
38853	8472
12808	3235
89078	86114
17540	7258
18357	87171
14482	43612
30118	40017
85430	97742
87063	79209
39312	26220
50246	49497
4315	2768
78835	73767
40723	80834
97695	85485
99358	25356
89918	69520
8620	16006
9651	11554
86238	79383
43677	38069
90014	45727
84314	54118
63469	76680
64583	72731
1508	71341
63430	48037
61738	45096
31545	48405
95455	54278
13735	49858
94630	23511
78202	18535
1308	54430
33100	91535
12050	90895
79662	2609
81715	42226
11535	59017
93261	19786
45206	92751
18183	26817
93556	45400
48637	14812
1674	48878
94368	71685
70487	65499
29719	90902
91071	7613
67066	52634
53722	69892
76332	99494
89160	26542
79430	61357
663	72849
90816	64023
65330	21281
9354	18750
78144	49318
51669	41877
85663	2384
79980	51730
74489	67848
11862	70213
37106	26590
96395	96359
44339	42469
69660	98670
86459	64586
89694	985
96650	7032
31264	54133
38611	61933
14901	89017
62083	87896
2150	96165
33333	95819
64247	31135
67773	4603
51291	46298
31309	17551
29842	78180
42067	47589
93944	49852
82632	20565
23982	37130
75734	26387
79706	23297
54134	52077
1137	89433
20635	78705
31121	34465
7298	80110
73241	75697
41665	69283
56595	8003
23330	19073
97400	49161
4773	72135
10491	98227
36594	65109
18358	17304
59962	29535
18540	54423
12615	5307
71803	24076
10711	80022
74989	37280
6328	68819
50421	82816
43171	73401
70505	9267
36850	67403
52275	9282
18315	68032
86098	18574
76489	80493
93290	36857
88109	9665
91243	41297
9134	63242
95496	11896
58246	38749
8321	74233
97791	53023
92152	63089
68697	51357
192	41752
12097	1346
34901	72599
90135	78960
53943	25328
40604	64797
36100	87528
497	97827
44570	79297
54336	92155
94870	96341
84978	59969
23907	20313
8034	67111
23853	73405
41835	97954
912	37089
43635	28146
52734	6221
40475	44756
64052	6023
30660	19978
39707	67811
81427	60378
13357	61637
71750	56815
81575	581
77966	48468
30335	67592
40306	24186
51650	85898
99309	82210
16494	37990
84819	3679
74012	25968
50654	7711
42326	39069
22521	33121
95895	3283
61274	53919
65807	6040
72601	62615
24156	11419
17499	11802
74170	56762
613	34398
45011	4099
21291	56178
15174	96815
75069	17414
99002	58763
5328	43689
64923	6241
1979	98996
95371	23006
5956	70040
94520	33083
90998	83337
93968	56918
59148	69845
66605	34086
59065	87194
19617	11185
35480	72230
59717	48223
13348	50971
32324	2026
20798	32568
1982	52452
56558	78808
91639	32926
95005	4309
1291	42835
90919	90582
59365	83056
63765	45247
94626	5450
50881	45418
36574	25334
60406	15441
47588	74798
30089	36071
72282	89283
36835	11140
24853	52882
73629	84048
80512	34328
32355	49095
46742	607
40623	20496
18656	9790
4544	25168
25108	24477
63301	69394
42169	6457
9364	27859
27875	46286
16957	27312
85144	75719
55055	62871
52998	80890
62811	43904
17238	39353
52136	68895
24385	96395
2476	43641
93595	32625
33424	33146
48143	44956
21182	81947
57343	23660
52812	14526
51923	55152
34214	25270
51707	39489
81706	26036
47613	64443
92488	53592
20150	81958
95002	71666
38047	71015
46915	32875
67791	45183
63266	48002
1394	78487
3703	63307
51754	70641
66904	12513
89064	84913
64265	27730
87514	19658
32367	9079
57557	70366
56994	14536
77448	81339
62659	41619
63702	50374
1942	91720
23865	75405
90681	4664
19085	94485
69946	75166
59847	6523
46942	42264
30074	2042
45850	2108
18048	81131
68020	45065
65707	3220
75229	53107
75195	85695
20408	88021
47579	81460
45310	88834
52544	2932
32164	51878
73556	60589
17359	12283
45434	5000
94840	86495
210	15632
14046	91968
63663	15220
3982	58154
38660	31080
14581	47741
18708	20885
18228	40031
53042	19788
71129	90181
76861	9726
53088	72765
3372	68602
43477	27279
34723	19502
54952	33520
62605	74127
7764	95006
20397	81292
47887	69129
66613	75365
6617	94549
98429	80701
45364	19514
43166	30411
58502	87722
82256	5511
46502	20924
984	22831
42842	90377
30006	14840
54365	27316
26298	55554
35441	55822
60293	60682
88248	29743
80279	91651
36463	3387
5612	70128
78118	42436
3808	17883
55759	8388
78863	45496
77827	1900
77166	72179
36605	9680
88066	30328
5278	4296
64382	56849
87186	40960
71015	71882
6404	42478
18116	70158
85867	18220
72208	5669
64736	80710
14182	55948
99223	17977
86697	62041
86933	58140
95673	60887
34550	57511
77638	4938
36690	29789
96771	84505
66554	76955
51270	40184
19048	25544
65059	48764
35614	50903
95315	1036
96352	45833
99387	67629
37295	78072
58337	99287
90900	12144
71872	98818
94226	54593
4559	34167
56908	34201
80776	81501
92723	91510
18681	29170
46308	49535
44422	64554
50695	9681
59362	35133
4299	31271
27120	87986
9729	49372
22500	82587
22312	98701
2145	71065
39884	12322
44537	3031
84293	41833
71543	92715
8528	56147
28053	20017
84758	71290
26170	91807
91382	38702
40581	27180
28095	69825
58018	78640
99722	15942
84203	48866
85489	88728
94595	13089
29604	87678
64598	83944
15826	64643
24995	78555
49184	73697
25348	5316
23602	29493
41292	22968
80611	67724
76946	90876
34214	87960
10612	39521
18726	42183
32218	15476
80812	43353
49600	39714
67474	20213
38336	77597
75640	1655
83206	80274
86835	93532
67360	22110
79429	52877
91526	62288
69048	58826
24989	61382
97946	86696
86352	93061
85429	87424
73158	74541
55874	76973
13879	7649
98147	62311
13103	60513
96859	76428
69136	27893
6002	17974
17692	91115
99411	35827
34280	88296
96471	60520
89365	51044
21634	43967
28667	3530
90298	60548
67947	10483
93373	65580
4144	48502
5999	83020
49687	10158
15297	74691
35224	7578
17111	12066
64800	1620
83696	67005
79829	36887
63044	7283
88476	97045
94387	2349
83119	4003
26608	94120
25425	68487
74275	32501
20770	18124
74011	77312
30986	21596
30010	95420
22750	48519
15206	72707
69754	11595
2868	76836
17122	38812
70036	66076
40731	21852
59882	95391
46922	72274
62671	47968
45776	7714
11310	41782
13626	25709
94552	14032
68115	21901
59516	86915
31264	84812
32628	20677
22986	48688
20800	30020
40147	42428
4912	46506
43263	50732
13316	76734
64424	86819
368	99596
37531	568
98062	86584
26845	98311
40916	59890
30761	12788
62954	36248
66710	58130
1142	22979
72723	495
38251	73972
95408	15612
6847	73180
23834	76960
74022	47516
64611	54117
39937	42451
73807	25857
10971	76612
22227	32238
64983	60851
27665	37331
96482	84341
85357	76346
5955	52160
17177	78255
94898	31771
92011	44637
82792	54629
51711	39951
97309	79425
58014	36429
94760	44134
43985	49414
4487	68911
71082	89498
77778	83391
14772	12767
95367	70347
62110	19320
53785	80764
82177	64741
50504	15956
19938	40343
32138	4282
91372	86537
28594	16936
49532	62924
2818	81530
66067	20904
98779	70087
83721	80368
12590	48325
51281	76738
27216	43826
2664	27632
10627	68472
47258	78461
23707	70509
73814	80159
62848	6660
70658	33359
99034	34481
645	74514
95372	88162
39805	93856
95724	96429
34219	12698
54430	1148
56942	30523
20433	72627
47767	76845
41792	9638
25669	34680
15740	30641
57237	90452
39484	89798
67162	76857
17318	31029
54911	41687
85684	35805
4607	56568
15839	41337
79224	61032
90720	98866
85559	34778
40293	5923
21874	68760
55877	27656
23912	63984
12264	96036
16150	43202
47371	99458
88853	97275
9211	10682
36449	83938
9681	21992
13541	70709
4498	67671
43326	17238
86090	61721
63919	70855
28406	83137
8349	99443
14521	6426
7423	73710
62292	70257
90810	96776
15190	49347
56615	20874
22301	83305
30650	33116
34133	20971
24953	366
62470	85543
83389	91961
92649	91494
98816	73782
53320	69287
98297	77973
123	84849
363	60811
65515	38134
23856	49491
43706	66181
97688	14403
50019	53266
75663	51019
74708	88249
97052	62986
83185	28584
45122	31019
83687	62053
82475	97660
29476	93690
93241	8138
58639	8249
38617	6772
50885	28221
63170	52327
29714	86662
14085	32341
37346	35951
6558	41609
38548	24649
39611	50614
8382	40005
80102	89275
81150	16497
33021	10269
8279	97661
24030	35310
96949	68121
51266	58074
23622	97996
80449	84039
21397	36850
8193	55838
20372	87953
86509	66092
6603	93634
61410	76386
24938	7436
51052	31031
16516	8953
49949	96293
19404	1171
39453	75395
45845	22583
23502	57318
58264	66405
18903	86982
19330	28780
59800	25308
18672	48497
694	63181
30407	22046
63261	45190
23402	61974
56780	87167
28842	68785
55060	88042
11382	14232
5236	61397
84617	86411
40408	42103
43349	14935
90788	26672
12591	24856
84500	65037
94422	59145
48120	64689
75753	24868
66006	81439
32049	60949
98978	94346
19178	30880
8458	41918
4240	12485
6051	7403
88629	33438
68058	20098
80709	34339
85160	31797
23385	41975
71590	85970
16961	37446
34865	82361
66533	97578
4893	57847
52683	70910
30437	66001
55590	1285
24546	48845
19038	88129
45711	89396
42482	81911
49104	15620
90292	94798
705	26150
25797	47761
7070	83193
82664	32125
86890	16437
41035	18209
18843	46976
56161	72951
1417	74924
80888	22421
72002	86737
53705	14416
75581	67780
11037	79142
92568	49944
32925	80865
65066	35838
69804	23567
49134	80301
93028	91920
80881	96698
58962	2260
69136	89658
77076	80479
61032	75237
35366	72195
24989	15179
51889	38631
98919	36027
17948	40448
87793	72579
3647	72060
93648	24264
20247	43232
39673	71905
33184	58460
80595	60299
5220	60515
52147	66130
53778	7544
83211	1146
79086	70690
29363	29832
74119	11953
13320	18157
16544	44876
59895	94901
94509	29455
44080	13171
59330	65673
27106	70264
80262	52433
58873	77303
89773	31033
57459	485
18080	88044
8153	40594
60862	75491
55803	25334
80923	32733
5286	35579
54303	17229
1683	44534
43413	55116
70602	38611
67384	57608
77770	3700
19115	32205
68366	91621
67090	90824
70841	17223
51136	33286
93895	89781
52225	78083
88966	63638
94496	34374
66452	13023
90048	34518
5113	9581
2577	22803
10684	46872
91700	61522
60066	66856
73216	13492
64422	26974
69728	54156
12402	87859
57225	51729
4460	22660
88834	8265
65715	97064
34671	85827
95084	93394
36878	90922
41007	23337
71003	27126
36952	12162
1964	81863
18827	71204
87431	54302
4056	67912
66371	23271
92502	98910
48336	86161
24286	47595
18956	12012
6286	1707
16241	32858
8860	493
53383	36793
36309	80265
19378	68167
56826	76943
32970	23381
86449	30155
16213	16311
94140	17706
66369	82369
18906	67532
60313	23775
6698	15119
3405	58225
9482	79966
41525	98396
5646	38619
65894	48879
19682	64907
14352	47586
13609	52305
12859	80475
21480	70429
12442	57123
21870	31230
26005	84565
35960	53660
58993	89964
64622	65359
78862	91103
78584	42408
44487	9287
65963	48905
67210	78103
75933	53608
433	70295
854	63672
29874	73503
93553	18554
27276	5466
99597	18530
82133	39605
40823	47371
31006	22544
99026	31946
50760	15402
59202	7612
49080	72626
99578	26366
4055	99069
61666	73065
62205	47198
62956	21605
20037	53424
33035	6325
72599	53442
36101	1979
95692	78050
74650	81207
59236	8849
18339	98326
39428	70411
97786	99123
50021	47278
7414	75749
5138	11558
98648	88989
5080	28885
4079	29398
98045	7349
36942	60287
80327	47219
41723	1536
83713	85909
70228	7268
77914	68762
72828	32860
18095	20044
12764	95575
43609	69265
5035	26389
99645	45897
51764	54091
95089	68189
46617	13927
77801	3547
5153	24698
9525	94044
92388	88131
99927	61701
41458	68997
16236	49402
80862	15477
5057	93199
16169	30624
79456	21183
81982	39159
34641	25858
15092	4093
32458	65558
11491	93527
20726	20605
45734	884
91594	96736
65446	2990
79901	34934
79004	46465
14831	37383
23577	17343
34813	7545
37943	71
46844	86369
21797	75705
46622	3638
77184	70734
89144	49769
30005	76213
71984	91401
36469	84411
82407	37615
92797	70621
72983	17437
32959	74773
59347	97679
6778	53143
97253	44561
95542	18236
69347	76497
97216	62602
18	63940
18277	43351
97083	45190
95814	95627
9070	71834
30752	74134
56266	98483
63387	90474
67856	27206
32891	50297
96187	80160
62887	55368
88693	61359
92880	10617
60849	8024
89393	85159
75111	79043
24728	31605
96493	73997
21486	1884
59752	9236
85184	86122
20774	57192
57925	27238
93446	97780
85992	71385
3474	19739
99674	14962
8763	66166
10850	54787
57051	48834
21162	57696
59060	4511
30593	98634
27651	13407
23964	39421
40297	3205
72421	48331
82409	75935
21579	25280
34730	70242
25875	47401
26049	84139
97628	46811
96021	74078
99108	73085
61200	65705
3368	55297
25333	10094
98626	87737
27758	58479
74624	39095
59099	5185
41734	29594
44728	7387
7572	66141
91814	77789
17855	42568
81704	47339
52813	37238
31312	20458
34161	38428
94376	9537
467	71116
68204	65571
33856	39205
54	87830
54138	21971
81850	99500
76516	70894
89000	51694
24828	31572
51921	34958
84609	17751
36689	75944
76673	96423
6619	49402
15251	61840
614	59356
35484	51043
9028	30270
28063	12347
76988	97089
36762	7581
12923	62832
4454	60923
29679	9659
17536	85685
83562	66681
73702	66021
70455	51409
33333	11598
570	8837
80068	18392
88793	70356
15573	66149
72449	39994
68080	49641
31182	52936
5047	10547
6579	39296
54258	96198
4505	47597
2446	25117
91471	51428
37606	85755
27650	30823
30044	48390
96189	85412
30672	69410
52737	19944
23282	33684
35991	10348
75285	7731
63256	26501
86090	41226
86872	7389
79595	97665
47116	41248
16488	89633
64425	13454
65366	47792
39958	8366
89026	64812
82329	63459
54800	99825
12109	85346
59708	27573
9072	22522
80663	14923
74289	66050
58075	95355
61944	93874
22821	50844
54838	65589
80742	6154
38974	36067
85430	65592
38525	2895
42169	42252
81511	4225
34206	62313
24359	44828
26569	7073
77043	22266
73905	86450
18645	78209
24435	23312
24596	99377
1834	17971
79679	77291
92478	96115
73772	40127
39821	69896
67031	66754
29904	83003
14416	49501
42992	57421
34195	39676
33646	73836
72286	54731
54730	26204
60206	26283
7300	5412
12910	76953
90816	16792
83570	7481
36445	8985
15358	87202
2997	60239
56147	17691
95766	29420
3219	25007
35809	79794
3386	27341
84974	67264
69924	9890
4744	35062
67057	57704
15081	40759
67722	46172
68899	49501
58467	67951
24594	33102
90842	62004
8967	77178
39695	24135
34128	1501
65117	94747
52851	55490
26719	82175
34184	64218
69143	34515
85975	11086
15586	69136
30451	58732
67182	61011
91967	80262
93858	77509
93516	35228
58782	91403
54064	82739
65262	4678
67153	17806
17152	90932
48306	32021
73209	86129
60993	80500
34148	94559
92374	42414
2250	14165
92575	82239
22697	14501
47404	66277
93962	40042
69387	71711
15474	77825
35012	86250
6013	81788
3038	99707
47340	84286
23944	4257
30117	87273
10911	1907
81686	12382
27212	11155
27111	77981
64615	13739
28186	96762
73008	96345
22480	15961
5206	2153
61960	63437
87773	89585
67011	40593
18669	13837
98965	76613
67823	95560
84706	10327
1078	15315
81967	4148
71323	74216
49859	65727
65646	47250
13999	50490
17020	60191
77030	30811
18553	76840
29126	65863
98400	33399
24124	39061
84573	6203
15289	83950
36045	46213
33882	68032
80958	41700
22529	68262
65993	47524
63531	64254
84762	38765
41633	30977
33158	504
98906	13774
65762	71319
91128	22619
1656	36109
50299	19458
39407	3812
6402	71596
64333	41433
716	90493
74785	63169
40185	39704
17208	6685
31377	9742
28738	57719
81122	92611
26893	74698
33737	49583
8189	27606
6798	71566
81822	53196
52149	33480
10951	3334
96941	16703
30595	75578
52593	51568
43608	44163
2853	62407
84688	97812
14607	94412
89515	74898
94506	19293
39439	77813
29038	7668
71784	42928
92311	41947
31306	86391
98492	20444
60301	34566
19378	30675
71768	51735
37617	78256
70520	57574
2748	33656
74883	96045
26895	58668
41834	54529
60187	76090
3924	2090
3274	95593
31279	34667
50300	97597
4893	15220
9844	26861
814	45070
27970	33491
84918	49555
88144	77585
73128	60525
89285	3373
76376	93082
331	25782
91895	80854
11332	33974
46606	39219
305	5381
60741	2072
8469	83712
18551	49749
92537	4310
71369	24264
65752	56350
50311	58667
57016	94691
40819	89511
57058	59631
97901	25910
16330	14134
91532	84387
40193	16509
40756	66252
62448	34277
77256	17267
39541	23211
37090	37865
55427	33285
34385	86303
94626	15216
3917	25772
52437	77670
52342	59841
73423	43879
32082	83567
87348	99181
51409	18826
59679	6854
49617	8088
5490	17646
5556	41400
63765	70438
31926	30626
6	2577
95173	23342
29862	321
68239	93609
21962	67595
93453	62480
89309	44696
30507	67052
68187	25487
47614	34819
35791	99625
46208	96588
10113	35114
53444	37038
9416	14556
16488	53261
70165	27632
3777	53140
25804	29129
1669	46854
86900	17987
94790	71114
61766	77424
67924	33757
452	72496
26365	59419
38702	29968
48624	89080
59313	87873
29200	99778
59008	13510
45647	28906
78693	52000
15305	31872
10587	24590
48674	2995
16548	77057
6159	64224
49166	16553
93615	78482
67527	33936
19279	67138
62315	36503
43868	23139
84867	19979
63820	55336
13860	85343
6129	81425
4009	90346
80838	26929
82470	19571
41932	28370
82272	58451
13411	62220
87125	89437
61589	31517
59126	78626
34155	34239
60267	96796
16627	76664
25816	48363
6778	18501
25822	73808
14172	47894
82436	53384
41321	11298
69909	20649
69579	356
44621	55904
1721	45486
65971	40398
49859	89016
21479	30248
45039	67269
83535	91836
82375	62298
22257	91588
35834	82301
76153	93403
71093	86610
58008	26993
71699	30967
52381	4232
70422	86679
4284	77067
83659	76236
71769	92262
65806	6578
28165	80790
39666	81153
23333	24575
54560	62173
36972	84284
44970	18445
35499	14924
23520	31564
84480	39535
76407	40283
29011	55804
2787	52906
18540	24835
47763	92404
33273	33457
93478	85349
44595	68402
83680	9941
22467	64405
43895	74113
76329	71316
68426	75899
98470	54964
478	51207
30627	69404
29496	7259
26944	87312
14231	71102
8006	25483
52379	19873
82242	40825
12864	90323
96605	91919
99484	68718
16459	68953
47011	28269
53427	13329
78980	37433
30535	24665
29323	42140
77566	97283
51351	80865
61200	49095
40298	74386
16007	47983
94495	12698
28945	93135
91968	85462
72823	32772
13329	23002
71303	86737
50003	24455
79267	31177
76981	57526
93031	76947
27628	86704
28414	93430
57729	13727
43618	31419
7053	73701
39255	23042
71273	12830
79005	69830
17046	22550
94267	40412
17290	49337
25649	34152
42811	72619
19790	75053
1780	40351
37932	61614
48170	9778
1511	25146
6831	58412
85876	27324
33194	86068
53238	96322
78101	82101
88165	46659
11813	34439
19976	21659
49636	27567
38377	99676
83861	26750
94314	88236
75369	9142
50948	1614
58111	5018
9421	4691
57027	44928
13795	83761
81580	2462
18892	96339
14369	49893
25441	21815
33852	69311
23243	79927
53895	89586
98624	48357
89203	18887
71669	4635
89769	99576
57559	12059
23242	40224
42624	52630
31789	58558
99586	72414
22810	82225
26371	92097
48300	3024
14138	81941
78227	98496
11014	27778
81413	38714
86372	54383
20462	88994
49582	24061
87407	88746
86337	1607
68125	85045
2549	56555
85182	30818
25339	85391
78550	83683
50796	78169
13419	17509
39749	40335
36674	64357
20540	73951
46533	19145
48766	50392
71737	3014
88919	75276
57482	65285
6391	4504
98449	2087
32322	88191
63205	9264
7568	80544
44805	44912
56054	92913
40031	7660
86393	48193
39715	71663
58779	59994
91940	27781
14658	92550
94408	65380
67020	26499
51799	9121
83450	45966
60554	60004
81904	58701
36362	92487
56157	60615
92728	402
92000	8977
60509	78590
36594	23308
25701	47894
57641	55968
5661	92164
26484	10896
13297	64414
79310	84349
33002	61224
90115	91481
65410	87184
50709	21134
50526	64969
16091	65437
64309	9454
48416	87804
24953	14850
89023	48886
94797	72703
56825	64690
32739	30200
29851	22939
23562	78557
9746	97251
47482	16683
21647	43400
59006	73806
22159	58284
80116	64944
36592	44577
14090	8849
6361	72575
22893	96503
95615	6189
20872	33536
56725	84124
60192	19179
73602	53435
42735	90065
32647	11800
36049	58602
51028	48186
71362	49440
29177	741
93526	2691
93443	45321
95775	75359
3256	69684
90747	35861
38535	65292
47690	38685
9881	2518
58331	6905
93136	49583
26116	72987
89194	78330
38811	39166
92851	86197
52293	38864
24332	69125
13691	55349
87536	83594
26859	29150
66792	58244
43613	86091
53792	85497
33326	70161
98186	27271
51729	30768
31212	8287
17754	35322
78702	43075
88511	68033
74305	64220
28593	79550
66034	62118
57528	46944
41248	67774
20230	48374
9296	47941
7891	74956
53144	45674
45985	51910
6357	97596
23312	79835
31508	32133
52235	54493
70799	79381
96324	29200
35641	25574
65727	21476
16366	65716
4956	19310
62267	67603
84948	79817
15247	29097
79480	96644
81560	28691
45196	76527
39309	61044
45993	1549
6256	45349
81690	44492
29533	64044
21213	93983
71484	38645
14517	72919
68922	57783
30901	63993
15241	42425
21060	67066
11412	9377
16826	57488
79435	23618
81074	20760
23756	60294
40903	17423
26211	74731
98932	78395
73238	6242
18608	86264
95799	18936
20579	44161
33044	75705
44828	69806
61465	62209
23507	39149
34573	97672
75582	85681
22825	77031
75207	59638
32045	90964
26937	763
62016	76574
40859	25272
80910	88695
17355	40772
73475	69211
20887	66839
2238	14647
50806	9388
42168	53827
46434	5422
35633	51900
82260	94173
18287	79380
70569	75810
73648	64881
76124	61841
6271	77232
92463	6841
53052	46964
31219	99710
19694	54648
70710	97223
66657	43326
42174	34821
49778	22647
9937	4673
80144	51983
76478	48413
18964	85279
55871	90658
15084	64371
48753	99467
81882	42498
4399	96674
43470	40115
61464	85455
66096	79654
97716	17406
23454	58598
8368	52086
56975	64875
69224	9908
33063	15188
19131	11341
90760	22069
70585	30537
20573	57684
99292	75406
52028	44762
85323	39378
37435	31280
33075	806
41020	92443
38411	22788
6796	22041
49385	6333
47555	33459
21885	44650
48387	77437
82605	68062
72390	75589
15358	32678
59012	17724
72099	72425
57320	52663
53228	26737
92411	26082
50005	27425
77110	79665
91138	88868
76437	70088
81	30472
4889	45958
26441	11159
42533	22883
39608	33092
128	6413
77773	2052
51017	11660
13468	17491
67932	20269
43628	30807
52741	44464
70154	76634
95438	76716
24349	7217
92803	69308
51044	74810
31114	38046
52609	29814
60451	43273
43971	15196
53726	18
89924	78307
88498	56780
83421	66264
83642	76938
12467	46136
87251	56192
55196	4841
67925	72264
83574	61643
83798	61152
68986	50402
91908	33236
22550	25175
68296	75215
45857	87843
89933	11456
66173	99405
98530	80723
67828	12391
96440	86742
13504	14821
67954	95333
45240	86504
41842	83685
5252	7907
75779	46512
18479	98446
34984	35040
57622	71614
15497	21029
91684	43233
92199	69152
47699	12357
14256	45051
81763	22664
88400	57740
37098	55038
21212	394
1266	65899
55187	19483
97012	21697
7373	89981
76679	73892
59596	6938
95522	74527
12756	45357
60557	59532
48450	42177
70221	95400
61897	38815
61198	82334
6965	89176
51579	55273
96849	44436
96531	8274
67728	21181
23028	94485
40463	95617
25008	17560
63427	24526
75474	73750
59724	72309
15890	61280
50009	83678
89730	72614
64837	27093
19789	8208
4467	95782
61586	28044
42971	16990
50005	26308
49791	94324
68896	28664
86523	46384
9807	9191
86052	70209
66375	83006
32956	37598
61697	15424
17732	76548
40240	36526
23386	65374
51063	26377
58031	18160
88446	65695
25257	21285
91239	97592
67770	10052
87401	3054
21222	67452
65570	94289
3043	68199
71392	75822
14216	62727
51716	13744
47295	94272
54265	96895
86665	10060
56232	36486
15272	94904
6136	82353
90804	68671
13443	35215
64585	1880
97317	94239
28255	97215
81049	97119
37026	98059
11249	79161
73787	80032
31197	16797
10306	96932
79927	58688
10211	95532
1096	97516
57815	22403
33713	62157
10505	93945
60446	69
79600	11682
60012	92194
45570	70581
69266	59158
10647	2127
26433	64912
4287	67844
48924	30897
11502	41668
33082	94964
3772	74006
59542	92197
99497	80139
25070	59355
40886	29498
61001	58930
4818	18113
32302	66637
7895	90816
53084	6893
37341	27194
6153	88887
40331	20513
43368	20332
67425	26734
61857	78021
44663	55313
72498	91237
6678	91126
1754	50274
22072	25384
41706	12988
85474	59530
75707	2299
93621	88630
5216	53146
94154	82449
91445	48103
42078	50432
75548	69097
4676	7286
74263	97107
28100	9666
57967	89995
68694	58921
56951	83681
57299	87785
43003	38844
34964	44657
95837	79619
78801	79763
59229	51961
50473	89151
30727	19463
87205	72769
53954	80648
16383	9624
65697	83823
47566	5002
79739	45875
48054	96992
98635	41210
19367	52158
29000	29405
32753	57831
26250	93987
58897	33077
8823	58449
95461	8042
8860	78607
5002	93232
84837	95271
74259	65480
76877	61250
13130	79953
49615	10591
54617	6517
41624	82313
82405	11572
83025	36954
63580	50322
71778	45767
92123	50212
41572	92854
42438	89447
64449	901
62710	92667
62265	75205
50226	76503
32665	23887
49533	95951
44739	42724
12801	48254
28499	49244
69829	46378
57600	79797
49967	28838
42509	71260
24793	20644
87184	30738
99274	28884
92632	88433
17490	87569
68991	17167
70449	83091
69619	94267
9448	55437
20116	98488
43757	76337
31266	91848
47958	89707
7669	92547
78414	62110
19889	89212
7497	10643
3779	88582
41777	1055
22255	78079
36253	77753
46526	72855
57186	79033
97867	84203
62649	59584
67045	4792
81475	49683
64792	21377
57165	3635
61446	20630
15272	12235
59882	46600
80178	67000
51210	62541
55334	74865
104	96350
87954	44342
95790	47853
35073	87717
73204	69100
53034	86241
67904	7074
42539	76413
40083	59219
35139	81884
68438	35301
88669	55913
94774	60261
69838	24203
56330	65187
61811	33155
23685	99711
34352	20423
38128	84766
12526	77930
52364	27178
11554	85624
48127	96755
5007	85831
92425	88887
51466	53900
70198	98808
92431	3696
40842	90213
97936	9979
64773	41347
6822	55753
27462	35603
55559	93210
13535	11797
25726	19881
97540	82471
44564	91144
82549	55514
769	6746
75139	84734
106	96011
37609	68466
94463	51655
66272	66724
45117	86554
22874	74680
35938	95056
90488	79803
89797	15391
57482	60042
82112	6066
8707	67537
74665	51117
62180	89345
47	70208
96585	18716
85067	69338
25897	91697
44342	9480
34466	68693
709	71501
52046	6106
76840	94752
10126	48500
25348	44191
88872	84779
37160	8411
64489	24154
47476	28228
69504	6564
27747	61599
63771	2350
16812	34580
52808	21146
44918	37167
7254	94807
29044	22155
80940	73518
54380	35061
989	18827
24761	83242
13424	97513
35013	65952
56030	1358
2004	44413
58308	73743
63302	69064
32218	96714
87145	46612
33483	67651
94945	95499
41712	47454
29728	15346
79040	28605
87609	74527
25892	44500
68001	55217
11810	69435
9018	75768
84399	3125
13293	26422
88257	89693
83873	60396
78214	47244
66602	67065
61050	74052
15505	24010
18407	46344
82233	55460
23247	20107
43375	44346
56230	72721
80590	85101
65310	52182
4771	62620
14623	23458
45150	86881
61477	89051
33899	69171
39548	73419
14731	69889
46037	59403
52419	34141
56260	7446
27705	90788
8047	53967
62069	27954
39807	2507
38018	35872
72479	60226
80298	6046
74435	53937
18090	47566
57558	47161
32111	76363
24048	50665
27218	80122
50150	30305
58313	7526
93125	25658
93514	56270
56430	32750
38091	6288
7168	37401
5701	52458
59463	80843
6058	10805
46757	89922
10998	16141
52527	89726
61907	3892
6923	75013
87854	45082
77583	5611
95701	4318
83089	78822
579	62670
21763	12605
47731	3691
68656	98139
42279	20217
19041	99551
49708	20402
19897	50630
35692	70666
75299	69601
89448	90657
84874	8094
47211	46653
92038	26225
91610	53366
62281	3489
26888	94140
7965	61274
68471	80317
88389	61933
73682	19445
23080	44522
12941	21731
60863	10724
28408	55850
10248	97885
25839	55217
81667	14189
86456	20878
72612	83202
38429	39923
13719	13122
48576	55882
66129	91009
94301	30158
81243	97448
75724	45192
53773	56436
52107	52625
21751	27319
48391	61309
71814	86510
68393	62344
41575	11960
33698	18799
62060	21372
54815	79154
39856	50909
23293	82936
63130	59958
99352	15027
3012	51737
44994	19858
52744	66294
11992	77403
7957	23983
85310	9682
49854	88776
54871	16796
48108	15486
8493	16892
23582	46059
73260	55949
32360	28832
38519	73359
82803	2943
80060	322
54739	86329
2596	36773
18253	6841
77200	44204
72410	55935
38549	89346
62090	75906
42085	40957
86644	35343
50756	31062
80400	18166
45410	37735
2180	84410
27583	29831
34610	93491
34784	82369
25793	61829
59042	48299
70011	64332
40443	76047
70000	96722
64197	17913
5245	68868
95180	8160
7143	70393
47611	89027
1046	61932
37334	16312
88882	73720
4169	55668
61109	55292
77799	33685
70930	47463
48362	97266
51	14571
21696	44748
74901	35232
46608	50712
30177	97853
39155	3268
10025	79341
68101	24363
823	78371
78570	28487
27019	70609
70055	41853
31188	95617
86460	74216
79099	75337
6333	83990
67228	21226
2539	33706
35230	76502
53352	53043
71801	11999
95710	2780
14170	89444
65977	86325
56457	85521
6802	25989
75330	22296
61760	3031
12957	83757
60416	57653
34651	50350
14382	14707
97604	1798
9144	169
8569	64214
29507	67618
70524	27593
840	62124
51874	97214
84016	62766
94373	16982
75494	68676
1079	8643
865	42969
50003	92626
81274	71741
13967	63250
84987	86660
62605	13113
62937	38222
15554	3913
57063	51656
61788	40423
89772	6256
55302	80125
19178	19523
17813	95252
68789	52982
77283	27146
34624	89330
73797	25147
55388	66384
41597	47500
91255	64887
38822	64620
55676	5647
15214	28921
63827	61263
46520	16020
40633	40092
25689	67344
34666	10179
88567	53794
22792	14429
21579	18985
84296	96726
74392	69277
71237	63798
83537	40480
52870	66147
99065	57145
27233	45616
74364	63726
92196	10185
39731	17212
4102	43050
25368	59656
39757	67123
70326	56071
25598	26185
2225	62125
52066	81366
53440	64064
68998	49941
73776	86032
20337	63526
615	77523
70861	60535
12327	79219
60506	85049
88547	14256
39455	98171
19278	67686
48960	96200
23226	38343
66159	73538
6812	726
26423	73695
18696	83715
86038	82231
22580	39921
5754	13518
49669	29582
79480	33348
7597	85554
41388	40121
38923	93765
44708	40304
33661	32784
3390	55855
36729	1374
75796	68962
1012	90044
77059	94525
57581	43406
19767	3351
30225	90708
89606	56069
48449	9379
90349	61293
748	61645
14663	64582
48205	77721
59575	53775
63872	2709
8804	28099
32795	38057
67390	7858
64570	28570
24081	77258
72882	43854
64447	72975
12027	25510
19197	76908
80090	24053
81244	72729
3905	26272
32314	34196
62887	55687
85207	37356
45478	51301
12721	3386
80120	65213
63497	97941
2687	92412
19851	36156
60930	96787
13436	96985
36549	39996
27351	47405
28538	9695
5853	79209
24842	19323
78774	1307
28821	7536
35450	74015
53977	6895
50242	28084
173	92773
87242	67803
68491	61168
78941	51997
92690	13534
68433	1652
39628	50143
17721	1021
11989	21682
94037	59312
91498	47337
47216	2375
43520	9149
85170	24843
54224	78455
61228	681
23629	86760
69064	23407
53497	98657
90490	16572
38006	76538
33040	59625
24927	99447
4697	92643
38836	30289
49198	72028
51018	54948
34904	31374
82413	38144
24960	79456
4445	56444
61680	78281
2610	67371
65648	64663
74530	55485
71140	64251
53626	51949
62253	31206
72011	26275
18241	50111
44249	56104
54076	50210
36474	67775
2926	49785
6398	33844
57420	31541
91206	73312
62552	98373
34325	42246
42421	30610
93634	38968
92798	10808
99575	62126
48757	47660
93440	23017
89175	3643
85200	44090
96200	49859
71603	31840
58797	12398
77847	373
19049	50434
12160	15824
63294	617
55604	73059
1166	36192
22436	95523
48792	76039
75736	71393
51711	18717
19302	27139
95863	47421
16001	82767
83077	47653
51692	92537
19893	37491
42711	48315
31154	58635
20192	12739
88044	56684
90328	33063
34463	60712
22242	58747
23286	52708
69206	85114
65333	2223
86137	66351
48580	29688
54883	47287
35699	93935
84838	75284
47552	87656
78746	43165
62819	993
15726	19885
86225	1553
90854	59837
7589	8935
51757	99545
37370	92038
16714	12478
37692	63095
80094	3379
77674	61470
76451	70563
93251	37660
28660	54530
16402	58802
81341	67547
40726	1151
51968	43735
8165	53479
63631	2430
12629	96587
86361	21499
81389	59233
28756	3373
82277	10909
52610	11849
2119	14280
47462	17364
87442	73338
52624	51924
55990	24368
62620	46414
978	40151
58883	84642
77665	92535
97509	55006
33980	60016
3010	98268
54048	42239
2085	40780
25408	62470
61204	84851
69041	76303
84236	76817
18399	21029
4890	49694
78058	97534
9026	7921
47820	80682
72159	36099
26465	24775
8654	4504
26973	31895
87103	82486
80976	28348
77948	30924
78519	46205
78859	17167
56691	96042
76499	1169
16184	5558
48923	81217
39528	27103
66070	36945
19664	34390
57019	62571
42351	14453
72134	78924
37284	96023
30580	98912
45625	92963
26438	19085
7110	80198
81920	757
13870	53874
72398	64636
79323	12571
9543	36207
9067	51854
64635	25302
43028	88601
4813	32948
69462	18143
53767	10093
56739	57522
53754	39399
6777	71810
63034	69307
5683	42593
99542	39576
89932	16471
90453	8285
55564	25766
2622	76854
29902	70239
19556	80549
76774	97956
40515	8388
73106	1514
22364	96291
37478	88936
42255	21451
54825	22069
23409	61699
25708	70950
13209	67099
55532	36502
21393	95468
61050	14812
89604	57310
8937	77456
54745	1252
29933	46022
80798	28043
58747	33
5656	73737
11936	84744
83848	24783
5584	19538
69981	46351
31803	43866
76656	335
67100	29956
14319	96735
69635	21240
31148	36190
47167	15800
45340	35914
42369	3152
99875	75151
99970	15661
57581	42840
74222	82232
57652	71099
50128	8482
89179	67847
76201	74864
50238	64193
28738	91698
35404	91748
36625	56935
76843	76640
60336	63337
34527	60639
70823	72802
39745	20418
7180	64431
15832	53813
24181	56811
12924	67294
16703	13501
37300	41082
58289	54559
85029	50480
67655	91108
62410	94723
27327	55455
36542	30515
47876	4946
97702	17185
53296	49884
84408	13707
19026	5256
9352	50269
38433	85139
37429	83378
84371	21481
42478	57522
10406	4802
29689	11180
77836	39251
75847	16446
27865	22239
20438	49293
87842	87177
33334	73403
7425	1574
50022	24732
67800	93035
87973	23147
73084	67110
46482	95853
15362	5231
50154	57799
34860	76472
89683	30464
93617	82228
27924	33333
9335	89084
22837	34977
65756	43979
2007	32509
40339	92226
15034	96344